0.9996234 0.00037654347 0
0.9355557 0.06444424 0
0.9998323 0.00016769175 0
0.99821657 0.0017833461 0
0.04472424 0.9552758 0
0.28500172 0.7149983 0
0.9999969 3.1582747e-06 0
0.998156 0.0018439235 0
0.9984091 0.0015909419 0
0.99263424 0.0073658084 0
0.9976363 0.002363739 0
0.99388474 0.006115186 0
0.0073688105 0.9926312 0
0.7274448 0.27255517 0
0.9829343 0.017065702 0
0.9996865 0.00031357192 0
0.60704494 0.3929551 0
0.77213144 0.22786857 0
0.9994462 0.00055376266 0
0.99916303 0.0008369823 0
0.9999652 3.4806064e-05 0
0.9999999 9.3901185e-08 0
0.24289712 0.7571029 0
0.9022931 0.097706884 0
0.9991947 0.00080533355 0
0.9999969 3.1026514e-06 0
0.4613029 0.5386971 0
0.72119904 0.278801 0
0.6583654 0.3416346 0
0.9989065 0.0010934985 0
0.99999654 3.509372e-06 0
0.99999535 4.6829223e-06 0
0.9999832 1.6800657e-05 0
1.0 6.4728707e-09 0
0.9947364 0.005263588 0
0.9966709 0.0033291169 0
0.98019767 0.019802311 0
0.99982136 0.00017871722 0
0.9847243 0.015275769 0
0.9928606 0.007139344 0
0.4423306 0.5576694 0
0.7672312 0.23276873 0
0.71759105 0.28240892 0
0.9995653 0.00043463544 0
0.99657995 0.0034200244 0
0.48560178 0.5143982 0
0.9999838 1.622277e-05 0
0.9996043 0.00039577208 0
0.016487874 0.9835121 0
0.99918205 0.00081791723 0
0.9762596 0.023740456 0
0.9999949 5.1602005e-06 0
0.99999213 7.837841e-06 0
0.997331 0.0026689463 0
0.987928 0.012071992 0
0.9998728 0.00012720328 0
0.39170966 0.6082903 0
0.42741233 0.5725877 0
0.7269528 0.27304718 0
0.15845028 0.8415497 0
0.9999889 1.1075207e-05 0
0.3664012 0.63359874 0
0.998572 0.0014279914 0
0.9974643 0.0025357313 0
0.009093884 0.9909061 0
0.25562876 0.74437124 0
0.19497424 0.80502576 0
0.13158256 0.8684174 0
0.7884504 0.21154957 0
0.9902982 0.009701795 0
0.006150767 0.9938492 0
9.694128e-05 0.9999031 0
0.06279679 0.9372032 0
0.013053499 0.9869465 0
0.9052348 0.09476522 0
0.99995697 4.2996206e-05 0
0.9997365 0.00026349444 0
0.9999602 3.9841e-05 0
0.90330976 0.096690215 0
0.99971336 0.0002866485 0
0.45787463 0.5421254 0
0.16848096 0.83151907 0
0.9232759 0.07672413 0
0.052871756 0.94712824 0
0.00037126365 0.99962866 0
6.510816e-05 0.9999349 0
0.99999905 8.978862e-07 0
0.90963584 0.09036413 0
0.0002657444 0.9997342 0
0.78661966 0.21338034 0
0.9781331 0.021866942 0
0.94910836 0.050891645 0
0.9997491 0.00025086463 0
0.0010588539 0.9989411 0
0.8314306 0.16856939 0
0.87098044 0.12901959 0
0.1743977 0.8256023 0
0.08911399 0.910886 0
0.0028776228 0.99712235 0
0.9999778 2.221341e-05 0
0.9999989 1.0569175e-06 0
0.9999994 6.1791224e-07 0
0.99782145 0.0021785083 0
0.9999064 9.357495e-05 0
0.9998921 0.00010783309 0
1.0 1.298589e-11 0
0.9736332 0.02636671 0
0.98006916 0.019930815 0
1.0 6.2300387e-10 0
0.9754191 0.024580978 0
0.99999964 3.8692608e-07 0
0.4362348 0.5637652 0
0.88828045 0.11171958 0
0.5486227 0.45137733 0
0.970108 0.029891979 0
0.8395994 0.16040058 0
0.99991953 8.05001e-05 0
0.8721488 0.12785116 0
0.9999862 1.3827109e-05 0
0.99769837 0.0023016823 0
0.9873024 0.012697601 0
0.9814511 0.01854892 0
0.98649824 0.013501706 0
0.99999964 3.627977e-07 0
0.7655596 0.23444036 0
0.99989617 0.00010376689 0
0.999884 0.00011593459 0
0.9982101 0.0017898881 0
0.9999963 3.7100049e-06 0
0.99999976 2.2845434e-07 0
0.99999726 2.7241467e-06 0
1.0 2.6616187e-09 0
0.9902485 0.009751536 0
0.9996673 0.00033274636 0
0.99992 7.9961785e-05 0
0.9903268 0.009673175 0
0.72508496 0.274915 0
0.99455124 0.0054488042 0
0.9993106 0.00068943907 0
0.9999987 1.316714e-06 0
0.94212365 0.05787632 0
0.87518704 0.12481299 0
0.13314523 0.8668547 0
1.0 5.0457256e-08 0
0.9999852 1.4784199e-05 0
0.99999106 8.887935e-06 0
0.9997912 0.00020885024 0
0.99999976 2.1074197e-07 0
0.99999917 8.2341415e-07 0
0.9999957 4.3441264e-06 0
0.99999535 4.6626506e-06 0
0.8953982 0.10460177 0
0.99799734 0.002002625 0
0.99984777 0.00015219736 0
0.99999547 4.57146e-06 0
0.99999416 5.8992023e-06 0
0.9996216 0.00037836476 0
0.9992888 0.000711189 0
0.005134508 0.9948655 0
0.0035452682 0.9964547 0
0.8297385 0.17026149 0
0.83747363 0.16252637 0
0.99993324 6.680304e-05 0
0.14867175 0.85132825 0
0.96351135 0.036488634 0
0.94668925 0.0533107 0
0.9999707 2.9305054e-05 0
0.9750939 0.024906091 0
0.9209245 0.079075545 0
0.9930484 0.006951486 0
0.9716079 0.028392117 0
0.019893963 0.98010606 0
0.0154634295 0.9845366 0
0.016434312 0.98356575 0
0.9999665 3.3537734e-05 0
0.99956757 0.00043244698 0
0.9947454 0.0052546575 0
0.9994272 0.0005728856 0
0.7820879 0.21791211 0
0.999964 3.59531e-05 0
0.99629587 0.0037040908 0
0.99986815 0.00013185389 0
0.36033186 0.63966817 0
0.62903595 0.37096402 0
0.078621276 0.92137873 0
0.99899906 0.001000941 0
0.9861015 0.013898437 0
0.9893008 0.010699248 0
0.78810865 0.21189132 0
0.9204686 0.07953139 0
0.99061614 0.009383823 0
0.98075014 0.019249812 0
0.9974311 0.0025688806 0
0.997905 0.0020950246 0
0.9998945 0.00010553881 0
0.7377059 0.26229408 0
0.9999808 1.9237475e-05 0
0.99997985 2.0148458e-05 0
0.99990034 9.959716e-05 0
0.99999976 2.6089856e-07 0
0.021905717 0.9780943 1
0.03337991 0.96662015 1
0.0042264587 0.9957735 1
0.9477598 0.052240208 1
2.6031104e-05 0.999974 1
5.3931413e-05 0.9999461 1
1.9917657e-05 0.9999801 1
1.2774218e-06 0.9999987 1
2.106751e-05 0.9999789 1
7.3567695e-05 0.99992645 1
7.4456264e-05 0.9999255 1
0.0018377152 0.9981623 1
0.039404564 0.9605954 1
0.7555127 0.24448732 1
0.0015574937 0.9984425 1
0.0013724209 0.99862754 1
3.6524838e-05 0.9999635 1
0.00013628718 0.99986374 1
0.8211528 0.17884722 1
5.6757573e-05 0.99994326 1
8.782082e-05 0.99991214 1
0.039324936 0.96067506 1
0.00051281654 0.99948716 1
0.008832965 0.991167 1
0.68132854 0.3186715 1
6.625755e-05 0.9999337 1
0.9971374 0.0028625422 1
1.2417653e-05 0.9999876 1
0.0077760904 0.99222386 1
8.283155e-05 0.99991715 1
3.8552125e-07 0.99999964 1
5.23711e-05 0.99994767 1
0.00023995829 0.9997601 1
2.8342442e-05 0.9999716 1
0.0005256926 0.99947435 1
0.0072786515 0.9927214 1
0.019353472 0.9806465 1
3.8532464e-05 0.9999615 1
5.79298e-08 1.0 1
3.0177283e-05 0.99996984 1
0.00022206355 0.999778 1
0.0006649237 0.9993351 1
4.7470867e-06 0.99999523 1
1.4323824e-05 0.9999857 1
0.034542974 0.965457 1
0.013137074 0.9868629 1
6.059469e-05 0.99993944 1
6.49704e-05 0.99993503 1
0.0061348206 0.9938652 1
0.9392248 0.060775198 1
5.94589e-07 0.9999994 1
5.4088353e-08 1.0 1
0.003177538 0.9968225 1
2.2242077e-06 0.99999774 1
6.474907e-06 0.99999356 1
0.0001567157 0.99984324 1
1.3673451e-05 0.9999863 1
0.9938294 0.0061706267 1
0.003951014 0.996049 1
0.04776844 0.9522316 1
2.7613044e-06 0.99999726 1
0.9977285 0.0022714345 1
5.59912e-06 0.9999944 1
0.00017320673 0.99982685 1
0.0018859843 0.998114 1
0.37234616 0.6276538 1
0.005311101 0.99468887 1
0.93439084 0.06560908 1
0.16603892 0.8339611 1
9.750246e-07 0.99999905 1
0.7938714 0.20612858 1
1.2945204e-05 0.999987 1
3.155787e-05 0.9999684 1
0.0056813066 0.99431866 1
0.992765 0.007235055 1
0.5457065 0.4542935 1
0.15328793 0.8467121 1
0.0136574395 0.9863426 1
4.8487018e-05 0.9999515 1
5.969218e-06 0.99999404 1
0.00018642313 0.9998136 1
1.3706122e-06 0.9999987 1
5.777929e-06 0.9999943 1
0.46379498 0.536205 1
0.0004393669 0.99956065 1
0.00014893118 0.999851 1
0.072668284 0.9273317 1
0.004567479 0.9954325 1
7.702357e-05 0.999923 1
0.0026733212 0.9973266 1
0.10060458 0.8993954 1
9.243266e-07 0.99999905 1
0.0004721536 0.9995278 1
1.4256963e-06 0.99999857 1
2.4482373e-05 0.99997556 1
0.00063716696 0.9993629 1
0.5196275 0.4803725 1
1.794979e-06 0.9999982 1
0.35818723 0.64181274 1
0.108972035 0.891028 1
0.019690102 0.9803099 1
1.921045e-05 0.9999808 1
1.0647074e-06 0.9999989 1
0.009700947 0.990299 1
0.99496883 0.005031213 1
9.553561e-06 0.99999046 1
1.1631921e-05 0.9999883 1
1.334398e-06 0.9999987 1
8.3672734e-07 0.99999917 1
1.7951787e-10 1.0 1
7.444375e-06 0.9999926 1
5.542033e-06 0.9999945 1
0.00022921237 0.9997708 1
3.0030898e-07 0.99999964 1
2.4143768e-07 0.99999976 1
5.6466458e-08 1.0 1
2.4870867e-06 0.9999975 1
3.1884665e-05 0.9999682 1
4.0173283e-08 1.0 1
1.8895289e-08 1.0 1
5.7830937e-05 0.9999422 1
1.3421709e-08 1.0 1
4.0916436e-08 1.0 1
0.011205243 0.9887947 1
0.0023931991 0.99760675 1
0.002207935 0.9977921 1
6.0678536e-07 0.9999994 1
6.813221e-05 0.9999318 1
5.3308922e-05 0.9999467 1
2.3119578e-07 0.99999976 1
1.2050959e-06 0.9999988 1
8.437334e-05 0.9999156 1
0.019930786 0.98006916 1
7.100441e-07 0.9999993 1
5.3067965e-06 0.99999464 1
3.0060894e-06 0.999997 1
0.04673631 0.9532637 1
0.0009445925 0.99905545 1
0.769721 0.23027903 1
0.30264336 0.69735664 1
3.832759e-06 0.9999962 1
1.543971e-05 0.9999845 1
0.23773856 0.76226145 1
0.00025551824 0.9997445 1
0.9306892 0.069310755 1
0.0003591318 0.9996408 1
4.255373e-06 0.9999957 1
0.0018228916 0.9981772 1
0.10382903 0.8961709 1
4.7973764e-08 1.0 1
0.088036485 0.9119635 1
0.99436957 0.0056304764 1
0.61568683 0.38431317 1
0.99437296 0.005627028 1
0.00014858946 0.99985135 1
0.00057262083 0.99942744 1
0.03358076 0.9664193 1
0.0050104177 0.9949896 1
0.00019006124 0.9998099 1
0.00027323252 0.9997267 1
1.9233954e-05 0.9999808 1
0.00073533633 0.99926466 1
0.0010296135 0.9989704 1
0.00014083178 0.9998591 1
8.498751e-06 0.99999154 1
1.2856414e-05 0.9999871 1
8.800184e-07 0.99999917 1
0.0062564197 0.9937436 1
0.00035648147 0.99964356 1
3.7802529e-06 0.9999962 1
8.5627025e-06 0.9999914 1
0.19743946 0.8025605 1
9.024466e-08 0.9999999 1
0.00056890905 0.9994311 1
0.005483699 0.9945163 1
0.017515516 0.9824845 1
0.005419973 0.99458003 1
0.011576582 0.9884234 1
0.37810323 0.6218968 1
0.95508 0.04491998 1
0.047336534 0.9526635 1
0.0029536183 0.9970464 1
1.4524699e-07 0.9999999 1
4.976048e-07 0.9999995 1
0.10392513 0.89607483 1
0.00029215004 0.9997079 1
0.9125593 0.08744073 1
0.004443365 0.99555665 1
0.00030000423 0.99970007 1
0.035469577 0.9645304 1
0.00015357208 0.99984646 1
4.811787e-06 0.99999523 1
0.09119342 0.90880656 1
0.00025171853 0.9997483 1
0.033214815 0.96678513 1
0.00027479845 0.99972516 1
0.005649093 0.9943509 1
0.29238218 0.7076179 1
2.4925956e-05 0.9999751 1
0.010634851 0.9893651 1
