0 0.88671875 0.40972222222222227 0.029687500000000002 0.125
0 0.761328125 0.3368055555555556 0.032031250000000004 0.10972222222222222
0 0.6765625000000001 0.2881944444444445 0.0203125 0.08194444444444444
0 0.587890625 0.2826388888888889 0.014843750000000001 0.07083333333333333
0 0.044140625 0.19930555555555557 0.01171875 0.04583333333333334
0 0.049609375000000004 0.19861111111111113 0.00859375 0.04166666666666667
0 0.06484375 0.19583333333333333 0.0078125 0.03888888888888889
0 0.162890625 0.17430555555555557 0.00859375 0.0375
0 0.189453125 0.16527777777777777 0.00703125 0.02777777777777778
0 0.25234375000000003 0.16041666666666668 0.00625 0.02638888888888889
0 0.24921875000000002 0.15416666666666667 0.004687500000000001 0.022222222222222223
0 0.24179687500000002 0.16180555555555556 0.00703125 0.0375
0 0.234375 0.15208333333333335 0.00625 0.018055555555555557
0 0.275 0.20625000000000002 0.010937500000000001 0.04861111111111111
0 0.327734375 0.14166666666666666 0.00703125 0.022222222222222223
0 0.335546875 0.13819444444444445 0.0054687500000000005 0.015277777777777779
0 0.61484375 0.17847222222222223 0.009375000000000001 0.04861111111111111
0 0.474609375 0.12569444444444444 0.0054687500000000005 0.020833333333333336
0 0.6273437500000001 0.19166666666666668 0.00625 0.03888888888888889
0 0.6238281250000001 0.17152777777777778 0.00703125 0.02638888888888889
0 0.35234375 0.30694444444444446 0.004687500000000001 0.016666666666666666
0 0.86484375 0.1625 0.0078125 0.022222222222222223
0 0.6671875 0.14166666666666666 0.0125 0.04166666666666667
0 0.72265625 0.1 0.0125 0.05277777777777778
0 0.7515625 0.2138888888888889 0.0078125 0.036111111111111115
0 0.15781250000000002 0.25833333333333336 0.025 0.07777777777777778
0 0.6117187500000001 0.7833333333333333 0.00625 0.019444444444444445
0 0.4265625 0.8291666666666667 0.0140625 0.06666666666666667
0 0.61875 0.7125 0.00625 0.025
0 0.44062500000000004 0.3013888888888889 0.0078125 0.044444444444444446
