0 0.808203125 0.5423611111111112 0.03515625 0.16805555555555557
0 0.44609375 0.26180555555555557 0.018750000000000003 0.08194444444444444
0 0.29375 0.21180555555555555 0.0125 0.05416666666666667
0 0.7996093750000001 0.24930555555555556 0.013281250000000001 0.043055555555555555
0 0.77109375 0.2111111111111111 0.0140625 0.03888888888888889
0 0.76328125 0.20625000000000002 0.0125 0.059722222222222225
0 0.7640625000000001 0.24722222222222223 0.018750000000000003 0.04722222222222222
0 0.775 0.25069444444444444 0.015625 0.04583333333333334
0 0.628515625 0.21458333333333335 0.00859375 0.07083333333333333
0 0.032031250000000004 0.2013888888888889 0.015625 0.05555555555555556
0 0.04296875 0.20347222222222222 0.015625 0.059722222222222225
0 0.055078125000000006 0.19930555555555557 0.017968750000000002 0.05694444444444444
0 0.26210937500000003 0.15555555555555556 0.01171875 0.03333333333333333
0 0.30898437500000003 0.1451388888888889 0.01015625 0.034722222222222224
0 0.31875000000000003 0.14375000000000002 0.010937500000000001 0.0375
0 0.33125000000000004 0.1388888888888889 0.009375000000000001 0.030555555555555558
0 0.35625 0.13194444444444445 0.0078125 0.025
0 0.29531250000000003 0.5180555555555556 0.026562500000000003 0.1
0 0.1703125 0.24861111111111112 0.0125 0.03888888888888889
0 0.2765625 0.6763888888888889 0.0078125 0.06944444444444445
0 0.8367187500000001 0.7041666666666667 0.00625 0.030555555555555558
0 0.8070312500000001 0.17222222222222222 0.0078125 0.044444444444444446
0 0.10078125 0.4847222222222222 0.0078125 0.030555555555555558
0 0.2421875 0.55 0.009375000000000001 0.036111111111111115
0 0.8515625 0.8333333333333334 0.009375000000000001 0.04722222222222222
0 0.37734375000000003 0.34861111111111115 0.010937500000000001 0.044444444444444446
0 0.20390625 0.6694444444444445 0.00625 0.036111111111111115
