0 0.716796875 0.36319444444444443 0.02421875 0.10694444444444445
0 0.7566406250000001 0.28402777777777777 0.025781250000000002 0.07916666666666666
0 0.804296875 0.30833333333333335 0.01953125 0.08333333333333334
0 0.837109375 0.32430555555555557 0.02734375 0.10138888888888889
0 0.590234375 0.28194444444444444 0.014843750000000001 0.06666666666666667
0 0.6218750000000001 0.17291666666666666 0.009375000000000001 0.04583333333333334
0 0.62890625 0.1736111111111111 0.009375000000000001 0.03888888888888889
0 0.40468750000000003 0.23680555555555557 0.015625 0.06805555555555556
0 0.283203125 0.20555555555555557 0.01015625 0.04722222222222222
0 0.260546875 0.1527777777777778 0.00859375 0.025
0 0.47578125000000004 0.34305555555555556 0.028125 0.12222222222222223
0 0.7328125000000001 0.7430555555555556 0.0078125 0.04166666666666667
0 0.41640625000000003 0.4638888888888889 0.00625 0.025
0 0.5984375000000001 0.7000000000000001 0.0171875 0.07777777777777778
0 0.7703125000000001 0.14027777777777778 0.0125 0.058333333333333334
0 0.6828125 0.4777777777777778 0.0078125 0.03333333333333333
0 0.54140625 0.4638888888888889 0.009375000000000001 0.044444444444444446
0 0.28203125 0.33333333333333337 0.0078125 0.036111111111111115
0 0.23203125000000002 0.24583333333333335 0.00625 0.03888888888888889
0 0.89375 0.5861111111111111 0.010937500000000001 0.04722222222222222
