0 0.809508547008547 0.5444444444444444 0.03472222222222214 0.16737891737891736
0 0.4472622863247864 0.26429249762583096 0.01936431623931627 0.08190883190883187
0 0.2950186965811966 0.2138414055080722 0.012686965811965845 0.054605887939221276
0 0.8008279914529914 0.2512345679012346 0.013354700854700852 0.04392212725546057
0 0.7724492521367521 0.21324786324786327 0.014022435897435858 0.03917378917378917
0 0.7644364316239317 0.20790598290598292 0.012686965811965845 0.05935422602089267
0 0.7654380341880342 0.2494539411206078 0.018696581196581262 0.04748338081671414
0 0.7761217948717949 0.25242165242165243 0.01602564102564097 0.04629629629629627
0 0.629553952991453 0.21680911680911683 0.008680555555555625 0.07003798670465335
0 0.033266559829059836 0.20375118708452042 0.015357905982905984 0.05579297245963914
0 0.044284188034188036 0.20553181386514724 0.016025641025641024 0.059354226020892714
0 0.056303418803418805 0.20197056030389363 0.017361111111111105 0.056980056980056974
0 0.26330128205128206 0.15804843304843308 0.012019230769230749 0.03323836657169991
0 0.3100427350427351 0.14736467236467238 0.010683760683760691 0.035612535612535606
0 0.3200587606837607 0.14617758784425453 0.010683760683760691 0.037986704653371305
0 0.332411858974359 0.14142924976258311 0.008680555555555535 0.030864197530864206
0 0.357512417218543 0.1338300220750552 0.008278145695364225 0.02483443708609272
