0 0.8020896849593496 0.49026648599819334 0.047637195121951234 0.15808491418247522
0 0.5893102134146341 0.286449864498645 0.018419715447154504 0.08017163504968386
0 0.2751507675438597 0.20833333333333334 0.009822733918128667 0.05116959064327485
0 0.25299250730994155 0.22640513320337882 0.014391447368421063 0.06375893437296945
0 0.1873172514619883 0.18031189083820662 0.008223684210526305 0.040610786224821324
0 0.17109831871345033 0.18051494476933072 0.006853070175438592 0.04182910981156596
0 0.1585343567251462 0.17584470435347627 0.009137426900584788 0.04467186484730343
0 0.1665296052631579 0.17889051332033787 0.00959429824561404 0.03939246263807667
0 0.32315340909090906 0.14646464646464644 0.006392045454545458 0.031565656565656575
0 0.25745738636363635 0.15909090909090906 0.0078125 0.03535353535353535
0 0.6470218120805369 0.2183538404175988 0.013108221476510095 0.03309097688292321
0 0.6291946308724832 0.20134228187919462 0.005243288590604056 0.035421327367636084
0 0.6202810402684564 0.20530387770320654 0.00786493288590604 0.047073079791200616
0 0.6145134228187918 0.20134228187919462 0.006816275167785246 0.04940343027591349
0 0.6050755033557047 0.19924496644295303 0.01101090604026842 0.049869500372856104
