0 0.8876722440944882 0.4115594925634296 0.029527559055118148 0.12467191601049868
0 0.7624876968503937 0.33883420822397203 0.031373031496062964 0.11045494313210852
0 0.6775959645669292 0.290168416447944 0.020300196850393703 0.08092738407699038
0 0.5893208661417322 0.2847003499562555 0.014763779527558984 0.07217847769028872
0 0.04522587953091685 0.20181828950485664 0.011160714285714284 0.04530916844349678
0 0.05047308102345416 0.20122601279317692 0.008662046908315563 0.041755508173418616
0 0.0657982409381663 0.19826462923477844 0.007995735607675903 0.03938640132669984
0 0.16399586886993603 0.17679459843638945 0.008162313432835822 0.03790570954750058
0 0.19081489872068227 0.1671701018715944 0.007162846481876328 0.02754086709310592
0 0.2536980277185501 0.1622838190002369 0.006329957356076754 0.02606017531390666
0 0.2501166044776119 0.1560649135276001 0.0044976012793176865 0.021321961620469093
0 0.24278718017057566 0.16391257995735606 0.007162846481876306 0.03760957119166072
0 0.23562433368869934 0.15384387585880122 0.006163379530916835 0.018656716417910443
0 0.2764158724340176 0.20833333333333334 0.011226173020527863 0.047653958944281524
0 0.328766495601173 0.1439801238188335 0.00687316715542523 0.02158683610296514
0 0.33655608504398826 0.13990713587487782 0.005040322580645152 0.015884652981427175
0 0.615721224340176 0.18084066471163243 0.009393328445747784 0.04887585532746821
0 0.47596682551319647 0.12748452264581295 0.005727639296187715 0.021179537308569567
0 0.6282552083333334 0.19338348765432098 0.0065104166666666964 0.03954475308641976
0 0.625 0.17409336419753088 0.0065104166666666964 0.026041666666666668
