0 0.7178760593220339 0.36525423728813566 0.02383474576271185 0.10710922787193972
0 0.7579316737288136 0.2863935969868174 0.025820974576271194 0.0788606403013183
0 0.8056011652542374 0.3099340866290019 0.019200211864406746 0.0835687382297552
0 0.8383739406779661 0.3264124293785311 0.027807203389830448 0.10240112994350284
0 0.5912728658536586 0.2842140921409214 0.014862804878048762 0.06707317073170735
0 0.6229039634146342 0.17479674796747968 0.009527439024390284 0.046070460704607026
0 0.6301448170731707 0.1758130081300813 0.008765243902439046 0.0386178861788618
0 0.40586890243902446 0.23915989159891599 0.015243902439024426 0.06775067750677508
0 0.2842987804878049 0.20731707317073172 0.009908536585365812 0.04742547425474252
0 0.26189271255060725 0.15463337831758883 0.008223684210526327 0.02474134053081421
